7.36230077   9.71339007
0.64538574   7.64212799
5.41570367   7.71350920
9.63615307   2.70044124
5.13270964   8.87482241
7.01735642   6.17722271
-8.10955885  -2.83205640
5.60327219  -1.90708477
0.16990446   9.67415298
-5.99338184   7.58247782
8.11336534   7.85968237
8.61196436 -10.29220419
9.06123777   5.37002248
8.48704473  -5.40308363
1.71942575   8.20139101
0.90089792   2.95216377
-11.63635723  -7.44431145
-6.76709539  -6.70889508
-3.91963551   1.12247924
6.31967809 -10.96664128
-8.17553396  -7.64841379
-7.30559093  -5.58507194
-5.76929207   8.03339443
-10.79499091  -8.93233668
-5.16607851  -8.28390364
-2.49892198  -0.40629488
-1.15579832 -11.62482163
-6.94925880  -7.19061780
2.97513238   4.82879367
-7.86480019   1.71442799
1.41039568  -0.26242408
0.41649634   1.16225947
1.58494566   6.00639736
-0.73424708  -3.33644751
-4.26546365   8.98439118
-1.38058556   1.54457361
1.14297692   0.65461111
1.06264051 -12.74295164
4.53916833  -0.42767123
0.25006706  -0.15544453
-0.78183434  -0.89581270
-0.32047804   1.42678936
0.32680158   0.13498645
-0.22646492   1.87400436
-5.20739372  -0.75991447
0.66719562   1.89171949
-0.17801337   1.00754709
1.18699927  -1.99365290