1    1 7.139909e-07 0.99999929 1.414213048 2.957448e-07 0.414213355 0.585786349
0    0 1.410265e+00 0.99440742 0.005592579 5.851078e-01 0.412571897 0.002320317
0    0 1.410975e+00 0.99541518 0.004584824 5.852301e-01 0.412868255 0.001901647
0    0 1.410269e+00 0.99441350 0.005586502 5.851085e-01 0.412573685 0.002317792
1    1 1.629937e-02 0.98370063 1.402735509 6.783671e-03 0.409408622 0.583807707
0    0 1.411596e+00 0.99629437 0.003705627 5.853368e-01 0.413126614 0.001536587
0    0 1.409547e+00 0.99339022 0.006609778 5.849843e-01 0.412272522 0.002743162
1    1 5.025387e-02 0.94974613 1.379136547 2.112273e-02 0.399197825 0.579679442
1    1 3.252080e-05 0.99996748 1.414190410 1.347068e-05 0.414204064 0.585782465
0    1 9.876151e-01 0.01322827 0.995458225 4.947224e-01 0.006626387 0.498651209
0    0 1.134738e+00 0.56342151 0.437030033 5.314460e-01 0.263874242 0.204679743
0    1 9.820803e-01 0.01809364 0.997680735 4.915674e-01 0.009056533 0.499376031